my_vector <- c(6:12, rep(5.3, 3),-3,)
